page_index,movie_id,title,username,user_id,rating,date,time,comment,useful_count
0,26313740,玩命,Forever,191209966,较差,2023-02-09,22:56:49,刺激度不够，结尾是啥子鬼啊,0
0,26313740,玩命,灵感无限,236339872,还行,2023-02-08,17:41:50,自由美利坚，出事故每一天,0
0,26313740,玩命,年糕不黏,155438139,还行,2023-02-05,14:54:43,一般吧 为了艾玛的脸看的,0
0,26313740,玩命,知足,183391202,推荐,2023-02-02,23:11:56,拍摄过于着网络电影风格，故事的核心不是很让人信服，节奏不错，故事有新意，整体还行。,0
0,26313740,玩命,芋圆四号,157630333,还行,2023-02-01,21:42:07,每次看完惊天魔盗团都会被Jack吸引来再看一遍，好性感的小矮子(。但是里面的人都好像有大病,0
0,26313740,玩命,一贱你就笑,56462511,还行,2023-02-01,02:47:04,大三的时候看的,0
0,26313740,玩命,豆友209923825,209923825,还行,2023-01-31,03:30:17,还不错 结局美好的,0
0,26313740,玩命,王神爱,Sam-antha,还行,2023-01-29,01:25:37,算同类型电影里比较平庸的一部,0
0,26313740,玩命,Kevin,235006015,推荐,2023-01-25,22:57:07,现在中国也流行这个hhh,0
0,26313740,玩命,洛泽爱吃妙妙熊,223854169,推荐,2023-01-25,14:20:00,"里面歌很好听，黑客小哥很帅啊，爱死女主男主
果然电影里好的闺蜜寥寥无几
虽然是小制作，但是就是很好看。也是讽刺互联网后大家都不是实名可以为所欲为的事情",0
0,26313740,玩命,李波特,157686517,力荐,2023-01-24,23:17:00,艾玛罗伯茨穿上那身普拉达的绿色高定可太有气质了,0
0,26313740,玩命,豆友66,66328313,,2023-01-24,22:30:17,96.18,0
0,26313740,玩命,风霜冷白,173965422,较差,2023-01-23,20:44:21,很牵强,0
0,26313740,玩命,Key,262855240,推荐,2023-01-22,19:31:05,新颖,0
0,26313740,玩命,我额间有颗痣,183519339,还行,2023-01-22,16:29:09,是在影射现在的网红？为了红没有底线？,0
0,26313740,玩命,花小柚,50494950,还行,2023-01-22,15:13:28,补签！,0
0,26313740,玩命,アモーレ,160874461,还行,2023-01-22,05:16:30,居然没标系列，可想而知当时看完没一点点感觉,0
0,26313740,玩命,沏一杯时光,103389512,推荐,2023-01-20,00:05:38,女主太美了，以及全程紧张刺激，除了结尾有点拉胯,0
0,26313740,玩命,别信我我在撒谎,AAYuanYuan,还行,2023-01-19,07:41:06,补一下,0
0,26313740,玩命,Vivian,91738480,力荐,2023-01-18,14:47:11,结局过于理想化了 但整体过程内容设置不错 别轻易参与直播... 手机和金钱黑化了人心,0
0,26313740,玩命,珞珈第一深情,171144834,推荐,2023-01-15,19:29:47,主角光环太严重，人物刻画不深刻，剧情不错，有创意,0
0,26313740,玩命,宇宙浪漫,186284588,,2023-01-15,18:04:33,2017.01.12 江岸,0
0,26313740,玩命,momo,sinje123456,还行,2023-01-13,05:35:45,男帅女美,0
0,26313740,玩命,大樹,42230700,还行,2023-01-13,04:49:34,形式可以，不过可以更好,0
0,26313740,玩命,Luna,woaizuoyi91,较差,2023-01-09,01:30:11,。。。太尼玛弱智了吧,0
0,26313740,玩命,偊偊而步,4605744,还行,2023-01-07,14:32:32,有点虎头蛇尾，但是也不能指望一部青少年向的惊悚片有太离经叛道的表现。,0
0,26313740,玩命,鹅桑.,244243268,推荐,2023-01-04,15:11:10,总体还不错，记得剧里的绿色裙子很好看！！,0
0,26313740,玩命,L_Musici4N,46468023,较差,2023-01-03,18:31:17,这结局很假,0
0,26313740,玩命,倒也不必,69472191,还行,2023-01-03,13:09:07,生病前看到男女主蒙眼飙车，直到那都还算挺好看。。痊愈了接着前面的看，从去派对开始就？,0
0,26313740,玩命,ly77,188266002,推荐,2023-01-02,19:30:52,前两年看过，艾玛的颜，还要啥自行车,0
0,26313740,玩命,程莎莎Abigail,chrishardy,推荐,2023-01-02,08:51:21,"互联网就是新时代的烟, 总有一天为了人类心理健康,有些地方会禁止上网的~",0
0,26313740,玩命,古月魅影,57876333,推荐,2023-01-02,00:04:08,第一感觉会想到《诈欺游戏》，区别在于一个是斗智，一个是斗勇，这部电影整体感觉节奏是紧凑的，就是从女主和女闺蜜开撕并突然开始“醒悟”就觉得人物性格有点大起大落，结局也多少有点意犹未尽，另外就是想说男女主真的是少数个子不高身材比例却很好的影星。,0
0,26313740,玩命,周周,66370693,还行,2023-01-01,16:02:02,喜欢艾玛！还行的青春片,0
0,26313740,玩命,可没吃饱呢,152509130,力荐,2022-12-30,22:15:30,好久之前飞机上看的，感觉还不错,0
0,26313740,玩命,水仙森,134041897,还行,2022-12-28,23:21:38,这跟现在的直播没什么不同……（匿名之下每个人都是凶手）,0
0,26313740,玩命,著名奶茶鉴定师,188894141,较差,2022-12-28,02:13:11,快手是吧,0
0,26313740,玩命,dreamapple,2178609,推荐,2022-12-27,20:41:16,中间女主情绪变换很奇妙 后期就叠加各种技能通关 也算是编剧懒得写了吗 整体还可以 爆米花电影,0
0,26313740,玩命,ᶘ ᵒᴥᵒᶅ小路易斯,189286453,还行,2022-12-25,15:30:07,坐高铁的时候很适合打发时间。,0
0,26313740,玩命,外星人小外外,261745458,推荐,2022-12-25,14:57:19,以前在电视上看的，一直想买女主同款衣服来着，，，,1
0,26313740,玩命,ℳ๓_柯南๓,174215713,力荐,2022-12-22,20:51:22,"直击网络直播现象的主题引发了观众的思考，这部电影是粉丝与网红的真实写照。导演用这样的方式告诉观众，社交媒体所带来的舆论暴力，其中的伤害是拥有实质性的。这是一部与时俱进有新意的佳作，对于娱乐至死的网络时代，针砭得相当使劲。影片最后一幕尤为讽刺：当黑客将所有看客的真实姓名都公之于众，面对参与谋杀的罪名时，所有看客都纷纷选择退出。让观众看到了角色背后那一个个现实的影子，躲在匿名背后的一些人享受着网络世界里发泄式的狂欢。这种精神高度压抑后的逆反释放展示的不仅是看客的恶趣味，更展现人们在世界高速发展过程中引发的社会恐惧和道德惊慌。
18:43～20:49",0
0,26313740,玩命,D9959-,Linsu_,还行,2022-12-22,20:45:47,有点虎头蛇尾,0
0,26313740,玩命,灵点蛙,254079161,还行,2022-12-22,20:18:32,剧情较单一。比起那个玩命的我更喜欢编程的。,0
0,26313740,玩命,Aurora,147386876,,2022-12-21,09:23:19,怎么为了证明自己就去参加玩命直播啊 看笑了,0
0,26313740,玩命,预见|| X X,yujian-yujian,,2022-12-20,23:45:30,除了结局太狗了前面还可以,0
0,26313740,玩命,Avenger,229402285,力荐,2022-12-15,20:12:33,挺历害，我词穷不会写影评,0
0,26313740,玩命, 点 染,55800838,还行,2022-12-15,18:26:05,居然就觉得还挺浪漫？,0
0,26313740,玩命,景庄卿,161703196,还行,2022-12-14,21:38:13,还好最后没有被嘴炮打败，不然我就要掀桌子了。,0
0,26313740,玩命,归檐,164374714,,2022-12-14,20:16:12,女主和闺蜜闹掰之前挺刺激的,0
0,26313740,玩命,土豆🥔子,142123214,推荐,2022-12-14,11:30:04,男帅女美 刺激。结局有点傻逼。精彩的爆米花片,0
0,26313740,玩命,残月伴书眠,45379692,力荐,2022-12-11,00:05:26,警告自己，小心再小心！！！,0
0,26313740,玩命,我叫里昂,76856340,推荐,2022-12-10,13:48:58,虽然猜到了结局，但是仍然算是节奏控制比较好的电影，只是没有出现更为精彩的彩蛋，这点属实太可惜了。,0
0,26313740,玩命,Avicii Forever,xrz1807121244,还行,2022-12-08,19:22:30,立意很不错，就是结尾有点仓促。最可恨的永远是在背后看热闹不嫌事大的吃瓜群众-键盘侠,0
0,26313740,玩命,Creamily,204128687,还行,2022-12-05,13:14:27,很傻b,0
0,26313740,玩命,Rodrigo,139780180,还行,2022-12-05,09:22:02,平庸,0
0,26313740,玩命,欧美影视小迷妹,227891674,还行,2022-11-29,19:10:42,让键盘侠反思的一部影片,0
0,26313740,玩命,PPChu,phoebe5559,较差,2022-11-29,12:09:08,前半段还不错 后半段逐渐开始出现很多逻辑漏洞。。,0
0,26313740,玩命,小猫小虎,156477304,还行,2022-11-27,22:11:47,“玩命直播“名字很贴切。,0
0,26313740,玩命,十号风球女士,146892725,还行,2022-11-27,16:18:41,2.5/5，还算有趣的game和concept,0
0,26313740,玩命,momo,44767258,还行,2022-11-22,21:30:30,最后有点假，其他都还好,0
0,26313740,玩命,苏苏,199390977,还行,2022-11-19,23:16:49,拍的也太一般了吧？,0
0,26313740,玩命,陛下牙缝有菜,141800726,还行,2022-11-19,22:16:48,如果不是因为结局，我可能两颗星。,0
0,26313740,玩命,念兹,174500808,力荐,2022-11-19,16:57:00,很精致的一部小成本作品，在预算范围内能做到的都发挥的不错了，但也就仅此而已，适合晚上在床上看😊,0
0,26313740,玩命,脆弱时间到,180909346,还行,2022-11-19,13:33:46,一群没事干的高中生,0
0,26313740,玩命,曾经巫山难为云,zzp640921,还行,2022-11-18,22:56:24,几乎所有人都是网络罪恶的从犯，这是对当今网络社会的审判。但毕竟是商业制作，那种点到为止的揭露，不如说是一种诱导。直播虽然残酷，但人性中的暗黑会催生更多前仆后继者。,0
0,26313740,玩命,浮生若梦,48558546,还行,2022-11-16,13:03:43,"★★★
平庸的电影，大概就前3-4个任务那十几分钟还看得下去；类似的题材，腰间持枪要有趣得多。",0
0,26313740,玩命,星月夜,LunaticPandora,很差,2022-11-15,22:40:40,什么垃圾电影，一星给艾玛罗伯茨，身材太好了,0
0,26313740,玩命,短腿文伯努力,189109960,推荐,2022-11-14,12:32:02,男主竟然真的是好人,0
0,26313740,玩命,摄影师WG,183024630,还行,2022-11-13,23:47:38,紧张了几下，结尾……,0
0,26313740,玩命,Quentin’Fans,231973249,较差,2022-11-13,19:50:16,户外直播的即视感，表演型人格的最爱，特像玩过的很多欧美游戏情节！被物欲裹挟前进的年轻人刺激游戏，最多二星给女主的颜值。国内人人网红的直播年代，娱乐至死，如今不是吗，世界就是这么荒诞。来呀，榜上大哥们，继续给主播上票，冲！！,0
0,26313740,玩命,小旋转转,191914807,推荐,2022-11-13,01:09:59,不错啊，刺激又有意义,0
0,26313740,玩命,四七,217033967,推荐,2022-11-13,00:34:32,剧情刺激，爽片,0
0,26313740,玩命,赵时七,133644850,推荐,2022-11-12,15:07:39,还可以 女主好好看,0
0,26313740,玩命,1943,64277776,还行,2022-11-12,02:47:59,"三星纯粹为了腐弟,非常之可",0
0,26313740,玩命,momo,211297363,还行,2022-11-09,22:52:56,忘了。。。,0
0,26313740,玩命,草莓燒酒,vanilla_lee,还行,2022-11-09,05:10:06,更像個高中生愛情片,0
0,26313740,玩命,若大的噱头,239779202,推荐,2022-11-08,09:58:04,初中电视上看的中配..记得我看哭了 男主好帅,0
0,26313740,玩命,豆友rh5yolCzEg,247414101,还行,2022-11-02,22:55:54,爽片！很不错，无尿点！剧情也吸引人！男女主干了很多我做梦想做的事！！这感觉很棒！另一方面觉得为了钱就是干！！没有诱惑谁干呢？,0
0,26313740,玩命,惊鸿照影,246171770,还行,2022-10-30,16:27:40,里面的歌还不错,0
0,26313740,玩命,hpzzz,166220293,还行,2022-10-29,19:36:33,看过了但是基本忘了,0
0,26313740,玩命,312,222178846,推荐,2022-10-29,08:15:57,选择谋杀的难道都没有负罪感吗？就像我之前看的一篇漫画，电话投票选择杀死某个角色，就算他是纸片人但这真的好吗。在我眼里，身为创作者，你不喜欢某个角色你完全可以在故事中用合理的途径让他死掉，但是让大众投票选择生还是死？有病吧,0
0,26313740,玩命,箴,2177678,推荐,2022-10-28,17:34:01,新时代、热血。,0
0,26313740,玩命,null,54244526,还行,2022-10-22,11:31:20,你们都是凶手,0
0,26313740,玩命,Feraway,205912501,还行,2022-10-21,16:59:48,还行,0
0,26313740,玩命,阿南,168553060,还行,2022-10-20,19:05:30,歌挺好听的，开头结尾那一段我也喜欢，设计感很不错,0
0,26313740,玩命,&,189426167,还行,2022-10-20,15:55:50,娱乐至死 IT小哥真的很帅啊,0
0,26313740,玩命,奶油华夫饼,252537730,推荐,2022-10-19,18:35:35,剧情是很弱智 但我太吃艾玛和戴兰兰的颜啦 帅哥美女磕起来太嗨了 爱摩托车狂飙和电梯热吻,0
0,26313740,玩命,怀特球,254722751,推荐,2022-10-18,22:34:57,三星半。有点小离谱，但不拖泥带水,0
0,26313740,玩命,knock knock🦋,mororo04,还行,2022-10-18,21:33:59,牙牙的歌居然这么早……,0
0,26313740,玩命,鸭宝干掉伏特加,246309695,,2022-10-18,16:49:39,配乐好喜欢,0
0,26313740,玩命,ian,223294312,还行,2022-10-15,20:27:22,遊戲蠻無聊的,0
0,26313740,玩命,兔小白,153572742,推荐,2022-10-15,01:56:22,女主太好看了！！！,0
0,26313740,玩命,天已微亮,163974390,还行,2022-10-14,03:03:45,极端版欧美快手加拼多多挑战，结局过于无趣。,0
0,26313740,玩命,Clarice,48846146,较差,2022-10-13,06:27:34,结尾拉胯。,0
0,26313740,玩命,喂、,154160080,较差,2022-10-05,19:59:52,只值这颗星,0
0,26313740,玩命,kaylee,164787982,还行,2022-10-04,16:17:25,我选男二,0
0,26313740,玩命,阿葵任务,263225212,推荐,2022-10-03,16:40:40,6.5,0
0,26313740,玩命,vavavong,vavavong,还行,2022-10-02,23:24:23,瞎看竟然没改它的剧情，哈哈哈,0
0,26313740,玩命,叫我火眼金睛,183477604,还行,2022-10-02,20:01:14,闲的，真是闲的,0
0,26313740,玩命,风间澈,205983501,推荐,2022-09-30,22:16:22,不得不说男主是真的帅,0
0,26313740,玩命,田野地里谢广坤,rrnqssnwjj,还行,2022-09-29,22:15:07,寓意是好的，拍的太拉胯了了，躲在背后的网民没有一个是无辜的。,0
0,26313740,玩命,相原琴子,210975244,推荐,2022-09-25,00:52:09,以前看的时候没注意女主是艾玛罗伯茨诶,0
0,26313740,玩命,sunny,225827873,推荐,2022-09-24,21:26:03,最后幸亏有反转，看的心怦怦跳。,0
0,26313740,玩命,momo,167408780,较差,2022-09-22,21:14:41,这什么尬展开,0
0,26313740,玩命,风中之水,224524957,很差,2022-09-21,21:16:32,普信女yy电影,0
0,26313740,玩命,炸鱼薯条,84439489,较差,2022-09-19,21:37:44,好无聊啊,0
0,26313740,玩命,大麻花,154015992,还行,2022-09-19,21:04:25,和鱿鱼游戏挺像的，一环套一环的游戏陷阱，一旦陷入其中便无法抽身，可以看到网络上人们的猎奇心理，躲在网络背后的键盘侠，一步步将人们逼入绝境。电影男女主都很亮眼，全程无尿点。,0
0,26313740,玩命,被超度了啊,186635588,还行,2022-09-18,00:58:24,题材很新，形式很新,0
0,26313740,玩命,喵次啷个哩当,160108247,还行,2022-09-17,23:25:34,"网络直播大冒险，挺大胆的一个设定，最后却搞了个小品结局，批评键盘侠和网络暴力那段，可以上春晚了。
（ps：戴夫·弗兰科和他哥还挺像的，特别是眉毛，挑眉咧嘴笑那下真的神似。）",1
0,26313740,玩命,Frankie,96494353,还行,2022-09-17,21:39:21,这应该编入黑镜,0
0,26313740,玩命,人类本质磕糖基,202237320,推荐,2022-09-17,12:37:26,帅气,0
0,26313740,玩命,是这个潇啊,163852209,还行,2022-09-14,23:15:56,绝对看过但是印象不深,0
0,26313740,玩命,蛋白酶🚀,174203687,还行,2022-09-14,14:45:44,剧情放到现在看显得有些普通了,0
0,26313740,玩命,momo,260293785,推荐,2022-09-13,14:41:49,电影主题不错，剧情很容易带入现实，男女主颜值也很高。,0
0,26313740,玩命,番茄汤🍅挺好喝,248478981,还行,2022-09-12,13:29:49,爆米花电影，还可以,0
0,26313740,玩命,aaaitsAimee,191923205,推荐,2022-09-10,13:55:24,结局再真实合理一点就更好啦！,0
0,26313740,玩命,FUTURE,160059914,力荐,2022-09-09,22:16:47,直播并不是要点而是人，它就像潘多拉的魔盒你选择了打开那么你就得承担，选择前没有人知道后果是怎样的，每一次的抉择都使你的命运发生变化。最后他们发现自己都要负责他们惊慌 害怕 逃避 为自己开脱 最可怕的是是否犯同一个错误？我们只是不停的更换排列组合电影 文字 书籍  法制 等等所诉说的就是我们人类内在的那颗时而清晰时而模糊，有时扮演上帝有时扮演魔鬼 充满混沌与杂乱，只有少数人才真正活出了超脱，而大多数人只是活着。,0
0,26313740,玩命,Samuel,213786725,还行,2022-09-06,15:21:46,这部电影告诉我们别太沉迷网络世界，有时候虚拟比现实更可怕。,0
0,26313740,玩命,Luvspent,215322871,力荐,2022-09-05,22:27:03,艾玛罗身材太好了~~衣服架子 戴兰兰很适合这种角色 情节很刺激,0
0,26313740,玩命,那些年,43174870,推荐,2022-09-05,09:48:30,主旋律大片，如果是国产的那绝对可以打五星，故事总体不错，探讨了网络时代人与人应该如何交际，最后那段关于匿名选择，让人不由得想起香港的黒暴们，躲在网络匿名和面罩后面，只能说在做一些自己也知道见不得光的鬼事。,0
0,26313740,玩命,myst★arry,135342606,推荐,2022-09-03,23:55:05,"电影全程无尿点，挺刺激的,尤其是bgm很有节奏感，虽然最后结局有点无聊，但整体还不错。",0
0,26313740,玩命,小V VVV,194880681,还行,2022-09-03,22:22:50,如果主角光环不要那么强，如果没有那么多青春爱情故事片段，就好了,0
0,26313740,玩命,犁地捞俺,167751863,还行,2022-09-03,15:23:29,竟然是Happy ending，男女主亮眼，歌好听，但that’s it. 2022.9.3,0
0,26313740,玩命,如颖随形,221619505,还行,2022-09-03,13:51:45,就差把宣传口号喊出来了,0
0,26313740,玩命,菠萝,227697190,很差,2022-09-03,02:45:44,最后什么鬼！且女主也不讨喜，婊到不行！,0
0,26313740,玩命,Takemeaway,184122514,推荐,2022-09-02,00:14:00,导演完全摸透了我的喜好好吗！2022年了，最恐怖的不是鬼不是怪物不是什么邪恶形体，而是大数据和互联网，还有比这醉生梦死望而生畏的内卷时代更恐怖的吗！男女主的爱情线真的好自然！爱了！,0
0,26313740,玩命,李发财,jing_radio,还行,2022-08-31,12:15:44,结局不行,0
0,26313740,玩命,|(·_·) |·靖,herehe,还行,2022-08-30,13:31:38,妈和女儿都瘦到有点脱相了，特别是妈妈前两天在不一样的天空里看到她是那么充满了青春的气息。,0
0,26313740,玩命,mills,175639722,还行,2022-08-28,23:35:49,胜在节奏上，稍开一点倍速像嗑药一样，选角好，配乐单听很好但片里浪费了，霓虹灯管和雷弗恩这种一比就是小儿科了，剧情后面不太行又想强行拉高，有点别扭,0
0,26313740,玩命,薄荷不要糖,147556540,还行,2022-08-25,22:03:25,前面其实还可以，后面尾巴……真的是一言难尽,0
0,26313740,玩命,Via,164315941,推荐,2022-08-25,01:14:24,是爆米花，但也是有深意的爆米花,0
0,26313740,玩命,沧海姚晴,71726436,还行,2022-08-24,18:20:47,挺好看的。帅哥和美女一起挑战直播间。寓意也挺好的，网络不应该成为法外之地。,0
0,26313740,玩命,yuqinnnn,143059691,推荐,2022-08-24,17:44:56,难怪女主这么眼熟 记得是个剧情爽片,0
0,26313740,玩命,狗狗迎戰小隊長,150624405,还行,2022-08-24,01:33:21,还行吧 有点虎头蛇尾 结尾有点没看懂 光顾着欣赏emma的美颜了 两位男嘉宾我都喜欢 换我我都要,0
0,26313740,玩命,文小白思维广,182502641,推荐,2022-08-24,00:03:08,对于网络匿名键盘侠的另类讽刺,0
0,26313740,玩命,Amor扬,151030088,较差,2022-08-23,23:16:03,结尾感觉很一般，男主的痞帅还是挺喜欢。😂,0
0,26313740,玩命,加格达不奇,163873455,还行,2022-08-22,17:46:52,中规中矩，游戏有点弱智，男女主颜值在线，女主舔狗实名惨…,0
0,26313740,玩命,momo,133250078,推荐,2022-08-22,14:08:56,虽然一般但是看了好几遍的电影,0
0,26313740,玩命,:P,78756831,还行,2022-08-22,02:24:44,just so so,0
0,26313740,玩命,Jo-an,tlyyshjm7854,还行,2022-08-21,22:09:37,前半段还行后半段太强行…,0
0,26313740,玩命,澄空,180841336,推荐,2022-08-21,20:18:17,一团糟，真有共鸣。/赐我一个新的it小哥在生命里吧，然后让他喜欢我。,0
0,26313740,玩命,Sonny Bachelor,lch15643507404,还行,2022-08-20,21:07:58,补档,0
0,26313740,玩命,草间弥生,151303418,推荐,2022-08-18,22:20:51,最后怎么还在拍啊吓死我了,0
0,26313740,玩命,、,183568788,较差,2022-08-16,23:05:00,"Stupid, cliché, and boring. 前面一个钟头如同在看小时代",0
0,26313740,玩命,容momo,134033811,还行,2022-08-16,17:43:31,创意还可，中间有点刺激，特别是男女主蒙眼骑车那段，结尾处理的还行。黑客小哥比女主暗恋过的男生和男主好看，不懂男女主的感情线，可能美国人就是这么容易爱上别人吧，热评说这部就是美国快手，确实差不多,0
0,26313740,玩命,阿土伯,159251561,很差,2022-08-15,21:21:39,有soso和珀西,0
0,26313740,玩命,平町彩,181923513,还行,2022-08-15,17:48:27,黑客小哥很帅🥺剧情挺好的,0
0,26313740,玩命,yo不后悔lo,208686257,推荐,2022-08-15,13:57:03,还行（昨天感冒脑子不太清醒）迷迷糊糊看完了，喜欢里面演员！我爱你女子监狱！5555,0
0,26313740,玩命,momo,143462442,较差,2022-08-14,18:09:46,什么降智东西。。。。艾玛罗伯茨在我心里是笨蛋的刻板印象+1+1,0
0,26313740,玩命,拉普拉失算子,60012036,还行,2022-08-14,15:52:17,手机都是天顶星续航,0
0,26313740,玩命,笨蛋美人莫拉塔,181189037,推荐,2022-08-13,17:41:48,当年看很惊艳，二刷就觉得有些索然无味，题材同类的泛滥,0
0,26313740,玩命,弦歌,lee0531,还行,2022-08-12,21:16:23,视角挺独特的，可惜表达上依然是青春片那一套,0
0,26313740,玩命,Cor,144392173,推荐,2022-08-12,03:47:32,歌四星！结尾000000000星,0
0,26313740,玩命,刷剧是我的生命,231220639,还行,2022-08-11,11:10:39,还行，有点尴尬,0
0,26313740,玩命,iiDididi,138039932,较差,2022-08-08,23:55:58,导演明显驾驭不了这个体量的剧本，结果就是玩砸了。实在讲不明白其实可以拍个四五集的短剧。,0
0,26313740,玩命,醒着做梦,92035784,还行,2022-08-07,20:51:15,挺好看的,0
0,26313740,玩命,曼谷的绿橘子,58641674,还行,2022-08-07,12:41:08,不是很喜欢把这种追求刺激的行为浪漫化的表现方法，以及剧情推进的转折都太简单了。,0
0,26313740,玩命,Mr.popcorn,170862089,推荐,2022-08-07,11:30:58,男女主的脸加一星,0
0,26313740,玩命,豆友I3GBhkQJ-4,259269913,还行,2022-08-05,22:29:14,小成本能拍这样不错了,0
0,26313740,玩命,星不芯,235383583,很差,2022-08-03,15:29:25,难看死了，真的难看,0
0,26313740,玩命,用户6658438331,184867641,推荐,2022-08-03,11:07:45,细节经不起推敲，但是刺激是真刺激,0
0,26313740,玩命,日月白,195074475,推荐,2022-08-02,14:12:03,pretty nice,0
0,26313740,玩命,庆康,256258147,推荐,2022-08-01,13:30:42,@2021-04-18 08:21:43,0
0,26313740,玩命,Jutta_Kaulitz_,211819221,较差,2022-07-31,18:58:35,居然还有MGK！,0
0,26313740,玩命,关关雎,161000178,力荐,2022-07-31,18:24:59,氛围到位,0
0,26313740,玩命,SabrinaClaudio,132507945,力荐,2022-07-30,01:53:26,2017年 电影院看的,0
0,26313740,玩命,Fulazb,216474143,推荐,2022-07-28,13:08:19,补标,0
0,26313740,玩命,saki_迷影流年,187486136,还行,2022-07-27,11:27:00,又双叒挖到一部忘记打分的，记得当时看这部电影还是蛮喜欢赛博朋克+生死游戏+男女主痞感设定的，可惜结尾给我喂了一嘴屎……真的太屎了啊把观众当傻子吗！！,0
0,26313740,玩命,不吃炸鸡会死诶,238042726,还行,2022-07-27,01:31:26,要不然黑客小哥跟Sydney在一起吧,0
0,26313740,玩命,joe520joey,108334779,还行,2022-07-25,22:49:50,有点类似以前看的叫暗网的电影，不够那部更有意思，因为那是全由一个电脑屏幕展现一个故事，这部也是说暗网的故事，屏幕后的人用金钱操作别人去赌命，然后又用骇客的手段曝光所有躲在屏幕后的帮凶，只是结局不够完善，翻转的有点太轻，没什么惊喜。以下剧透，接着剧情简介：女主和陌生男主一路按照挑战完成：接吻，去大城市，试穿高级衣服结果自己衣服被偷只好穿着内衣跑出商场，蒙男主眼飙摩托，完成挑战，女闺蜜接受高空行走的玩命挑战失败，女主接受玩命挑战成功后，发现游戏会出人命，想报警，结果被游戏拿着自己的所有个人隐私资料作为惩罚，必须要完成最后挑战，跟男主进行性命的对决，所有躲在屏幕后的观看者为性命对决投票，从而成为谋杀事件的从犯，男配跟女闺蜜利用骇客技术，曝光观看者的名字，所有观看者都吓得退出游戏，游戏结束。,0
0,26313740,玩命,137****9323,79576458,还行,2022-07-25,22:20:16,有帅哥美女的休闲电影,0
0,26313740,玩命,工作而已不生气,220330014,还行,2022-07-25,22:01:21,结局太理想了,0
0,26313740,玩命,switchstoned,253624625,还行,2022-07-24,20:05:42,飞圣路易斯的途中看的,0
0,26313740,玩命,衾衾,161564108,力荐,2022-07-24,15:18:54,女主好看,0
0,26313740,玩命,深夜電影人,218714087,推荐,2022-07-24,00:16:57,戲裡Bmg都很好，就這裡加不少分數，故事很好，廷剌激。。好看,0
0,26313740,玩命,天然卷,55893958,还行,2022-07-20,18:45:11,黑客小哥就是个大冤种,0
0,26313740,玩命,停滞者418,178325644,还行,2022-07-20,02:18:27,前半段氛围很不错，可惜结尾拍得太仓促且牵强，对网络匿名所放大的人性的恶也只是一笔带过，论教育意义有模糊的主旨但浅尝辄止，当爽片看光有气氛没爽点，食之无味弃之可惜的流水线式作品,0
0,26313740,玩命,Uta不是流浪貓,159101978,较差,2022-07-19,03:55:22,有讽刺那味儿但逻辑比较弱智,0
0,26313740,玩命,奇诺,162137470,推荐,2022-07-18,23:33:15,意外的还行，很搞笑,0
0,26313740,玩命,momo,213823574,较差,2022-07-18,23:00:31,怎么说呢，有个好备胎,0
0,26313740,玩命,我不是唐僧,201822986,推荐,2022-07-18,19:42:07,"很不错的片子 不愧是部惊悚片 现实版的失控玩家/饥饿游戏 真的很好看
（黑客小哥 我看上你了）",0
0,26313740,玩命,无名,75877114,推荐,2022-07-16,08:56:10,前三分之一很刺激很酷，可惜虎头蛇尾,0
0,26313740,玩命,豚豚,68739041,较差,2022-07-16,02:43:19,so boring,0
0,26313740,玩命,金枪鱼蛋黄酱,123127824,还行,2022-07-15,19:26:23,虚荣心得到了极大满足,0
0,26313740,玩命,BillMillion,175879860,推荐,2022-07-14,09:54:38,概念很棒，记忆犹新,0
0,26313740,玩命,珍惜钞票，远离烂片,45348062,还行,2022-07-13,14:24:56,网络时代的大冒险游戏，过程有趣，结局有些牵强,0
0,26313740,玩命,瑞泽丶,j15707978017,还行,2022-07-12,23:59:33,歪果仁少是有原因的。,0
0,26313740,玩命,荔枝甜酒去冰,173865987,较差,2022-07-11,23:01:54,喜欢黑客小哥Tommy,0
0,26313740,玩命,冬青,61572577,还行,2022-07-11,22:28:33,背景音乐仿佛让人从未离开蹦迪现场，故事有趣但结尾不足，深刻的点只是表面提及，可以更好。隐私收集在今天依然变本加厉，置此环境中人人都是玩家 更是看客。要努力做出对的事。,0
0,26313740,玩命,大吉大利,211262253,还行,2022-07-10,23:35:59,爆米花电影,0
0,26313740,玩命,酷酷西西_kkxx,133694259,推荐,2022-07-09,12:10:25,补记，暗网玩的那一套合法化了,0
0,26313740,玩命,糯诺,165118884,还行,2022-07-08,15:19:23,隔靴搔痒,0
0,26313740,玩命,牧场鸢,200714552,力荐,2022-07-08,02:41:21,颜值可,0
0,26313740,玩命,Bork,bork,较差,2022-07-07,05:09:11,2022年4月21日初觀、7月5日深夜復觀於禮崗荷花閣。,0
0,26313740,玩命,August,184377415,还行,2022-07-06,14:17:15,前大半部分都很无聊 但是Dave Franco的声音实在太性感了呜呜🥹,0
0,26313740,玩命,OOOok,157995394,还行,2022-07-06,13:37:14,致命愿望还不如这样拍，片名好傻噢，而且女主为啥不选男二,0
0,26313740,玩命,Estherquqs,168912641,力荐,2022-07-05,17:44:08,*First Date*,0
0,26313740,玩命,greatperhaps,140676603,还行,2022-07-03,18:03:17,我以为最后会有个大反转 没想到是good ending,0
0,26313740,玩命,甜甜圈,182009908,推荐,2022-06-30,00:08:38,现实远比电影残酷,0
0,26313740,玩命,Travis Lee,3890198,较差,2022-06-29,23:35:31,年轻真好,0
0,26313740,玩命,将以填海,168155637,力荐,2022-06-29,02:40:51,真的还可以，里面的杀人还有设定都好有意思,0
